0.372130 0.627840 0.000010 0.000010 0.000010
0.382685 0.617285 0.000010 0.000010 0.000010
0.415996 0.583974 0.000010 0.000010 0.000010
0.389080 0.610890 0.000010 0.000010 0.000010
0.407496 0.592474 0.000010 0.000010 0.000010
0.358585 0.641385 0.000010 0.000010 0.000010
0.379028 0.620942 0.000010 0.000010 0.000010
0.373411 0.626559 0.000010 0.000010 0.000010
0.406011 0.593959 0.000010 0.000010 0.000010
0.373067 0.626903 0.000010 0.000010 0.000010
0.390498 0.609472 0.000010 0.000010 0.000010
0.409713 0.590257 0.000010 0.000010 0.000010
0.385615 0.614355 0.000010 0.000010 0.000010
0.394106 0.605864 0.000010 0.000010 0.000010
0.402176 0.597794 0.000010 0.000010 0.000010
0.407642 0.592328 0.000010 0.000010 0.000010
0.351554 0.648416 0.000010 0.000010 0.000010
0.397426 0.602544 0.000010 0.000010 0.000010
0.380103 0.619867 0.000010 0.000010 0.000010
0.372603 0.627367 0.000010 0.000010 0.000010
0.342218 0.657752 0.000010 0.000010 0.000010
0.402107 0.597863 0.000010 0.000010 0.000010
0.389398 0.610572 0.000010 0.000010 0.000010
0.403328 0.596642 0.000010 0.000010 0.000010
0.378588 0.621382 0.000010 0.000010 0.000010
0.385170 0.614800 0.000010 0.000010 0.000010
0.364813 0.635157 0.000010 0.000010 0.000010
0.387973 0.611997 0.000010 0.000010 0.000010
0.419701 0.580269 0.000010 0.000010 0.000010
0.367477 0.632493 0.000010 0.000010 0.000010
0.393324 0.606646 0.000010 0.000010 0.000010
0.394687 0.605283 0.000010 0.000010 0.000010
0.349645 0.650325 0.000010 0.000010 0.000010
0.364128 0.635842 0.000010 0.000010 0.000010
0.427322 0.572646 0.000012 0.000010 0.000010
0.390600 0.609370 0.000010 0.000010 0.000010
0.411781 0.588189 0.000010 0.000010 0.000010
0.389539 0.610431 0.000010 0.000010 0.000010
0.415495 0.584475 0.000010 0.000010 0.000010
0.420067 0.579903 0.000010 0.000010 0.000010
0.437904 0.562066 0.000010 0.000010 0.000010
0.402406 0.597564 0.000010 0.000010 0.000010
0.384290 0.615680 0.000010 0.000010 0.000010
0.356106 0.643864 0.000010 0.000010 0.000010
0.410923 0.589047 0.000010 0.000010 0.000010
0.363858 0.636112 0.000010 0.000010 0.000010
0.375504 0.624466 0.000010 0.000010 0.000010
0.364828 0.635142 0.000010 0.000010 0.000010
0.347207 0.652763 0.000010 0.000010 0.000010
0.378605 0.621365 0.000010 0.000010 0.000010
0.409471 0.590499 0.000010 0.000010 0.000010
0.337471 0.662499 0.000010 0.000010 0.000010
0.399735 0.600235 0.000010 0.000010 0.000010
0.373931 0.626039 0.000010 0.000010 0.000010
0.392826 0.607144 0.000010 0.000010 0.000010
0.347469 0.652501 0.000010 0.000010 0.000010
0.392408 0.607562 0.000010 0.000010 0.000010
0.382148 0.617822 0.000010 0.000010 0.000010
0.381081 0.618889 0.000010 0.000010 0.000010
0.378194 0.621776 0.000010 0.000010 0.000010
0.382293 0.617677 0.000010 0.000010 0.000010
0.349686 0.650284 0.000010 0.000010 0.000010
0.397737 0.602233 0.000010 0.000010 0.000010
0.374493 0.625477 0.000010 0.000010 0.000010
0.420071 0.579899 0.000010 0.000010 0.000010
0.387026 0.612944 0.000010 0.000010 0.000010
0.390548 0.609422 0.000010 0.000010 0.000010
0.397016 0.602954 0.000010 0.000010 0.000010
0.380103 0.619867 0.000010 0.000010 0.000010
0.387851 0.612119 0.000010 0.000010 0.000010
0.402779 0.597191 0.000010 0.000010 0.000010
0.375365 0.624605 0.000010 0.000010 0.000010
0.383977 0.615993 0.000010 0.000010 0.000010
0.358211 0.641759 0.000010 0.000010 0.000010
0.333857 0.666113 0.000010 0.000010 0.000010
0.384785 0.615185 0.000010 0.000010 0.000010
0.368525 0.631445 0.000010 0.000010 0.000010
0.432479 0.567491 0.000010 0.000010 0.000010
0.429391 0.570579 0.000010 0.000010 0.000010
0.379578 0.620392 0.000010 0.000010 0.000010
0.354551 0.645419 0.000010 0.000010 0.000010
0.357984 0.641986 0.000010 0.000010 0.000010
0.373118 0.626852 0.000010 0.000010 0.000010
0.352516 0.647454 0.000010 0.000010 0.000010
0.335766 0.664204 0.000010 0.000010 0.000010
0.394891 0.605079 0.000010 0.000010 0.000010
0.369000 0.630970 0.000010 0.000010 0.000010
0.389422 0.610548 0.000010 0.000010 0.000010
0.377326 0.622644 0.000010 0.000010 0.000010
0.354423 0.645547 0.000010 0.000010 0.000010
0.357883 0.642087 0.000010 0.000010 0.000010
0.404553 0.595417 0.000010 0.000010 0.000010
0.366215 0.633755 0.000010 0.000010 0.000010
0.379511 0.620459 0.000010 0.000010 0.000010
0.404832 0.595138 0.000010 0.000010 0.000010
0.372246 0.627724 0.000010 0.000010 0.000010
0.386534 0.613436 0.000010 0.000010 0.000010
0.373328 0.626637 0.000010 0.000015 0.000010
0.396800 0.603170 0.000010 0.000010 0.000010
0.978258 0.011704 0.000010 0.010018 0.000010
0.956246 0.000010 0.043724 0.000010 0.000010
0.968501 0.031459 0.000010 0.000020 0.000010
0.987645 0.012325 0.000010 0.000010 0.000010
0.929676 0.043625 0.026679 0.000010 0.000010
0.876612 0.105304 0.016548 0.001527 0.000010
0.943967 0.033938 0.013499 0.008585 0.000010
0.899440 0.089276 0.011264 0.000010 0.000010
0.950301 0.035145 0.014533 0.000010 0.000010
0.928587 0.053143 0.018250 0.000010 0.000010
0.897740 0.062036 0.040204 0.000010 0.000010
0.946102 0.036967 0.014149 0.002772 0.000010
0.972314 0.027656 0.000010 0.000010 0.000010
0.996987 0.000010 0.002983 0.000010 0.000010
0.972358 0.000010 0.027612 0.000010 0.000010
0.958916 0.030033 0.011031 0.000010 0.000010
0.928455 0.055191 0.015594 0.000749 0.000010
0.907635 0.083296 0.009049 0.000010 0.000010
0.978333 0.010145 0.011502 0.000010 0.000010
0.973069 0.013173 0.013738 0.000010 0.000010
0.997755 0.000010 0.002215 0.000010 0.000010
0.928930 0.036168 0.033369 0.000010 0.001523
0.904545 0.043579 0.051856 0.000010 0.000010
0.954303 0.041072 0.000010 0.002891 0.001725
0.911332 0.081858 0.006790 0.000010 0.000010
0.995994 0.000010 0.003976 0.000010 0.000010
0.999960 0.000010 0.000010 0.000010 0.000010
0.974932 0.024993 0.000010 0.000056 0.000010
0.944640 0.045987 0.009354 0.000010 0.000010
0.869008 0.108548 0.022424 0.000010 0.000010
0.831954 0.148258 0.019768 0.000010 0.000010
0.929713 0.052713 0.008583 0.008981 0.000010
0.901914 0.080099 0.017967 0.000010 0.000010
0.983979 0.000010 0.007248 0.008752 0.000010
0.995051 0.000010 0.004919 0.000010 0.000010
0.992309 0.000010 0.007661 0.000010 0.000010
0.984075 0.000010 0.015895 0.000010 0.000010
0.967652 0.022236 0.004732 0.005369 0.000010
0.919241 0.051894 0.028845 0.000010 0.000010
0.929628 0.047300 0.017710 0.005352 0.000010
0.937030 0.058405 0.004545 0.000010 0.000010
0.920281 0.047136 0.025426 0.006738 0.000418
0.996625 0.000010 0.003345 0.000010 0.000010
0.939157 0.053979 0.004235 0.000010 0.002619
0.948398 0.044256 0.007325 0.000010 0.000010
0.953111 0.030761 0.012607 0.003511 0.000010
0.885157 0.099576 0.015247 0.000010 0.000010
0.961002 0.031280 0.006757 0.000951 0.000010
0.970604 0.016127 0.013249 0.000010 0.000010
0.912766 0.076182 0.008206 0.002836 0.000010
0.898261 0.082568 0.019151 0.000010 0.000010
0.988083 0.000010 0.002302 0.008347 0.001258
0.890340 0.102716 0.001725 0.005210 0.000010
0.902141 0.079907 0.017924 0.000017 0.000010
0.946485 0.053485 0.000010 0.000010 0.000010
0.999055 0.000010 0.000915 0.000010 0.000010
0.931235 0.061109 0.001923 0.005724 0.000010
0.902676 0.080314 0.006694 0.010306 0.000010
0.999960 0.000010 0.000010 0.000010 0.000010
0.999960 0.000010 0.000010 0.000010 0.000010
0.922796 0.045492 0.031691 0.000010 0.000010
0.982791 0.000010 0.017179 0.000010 0.000010
0.813640 0.116273 0.070066 0.000010 0.000010
0.951616 0.044840 0.000019 0.003515 0.000010
0.993206 0.000010 0.006764 0.000010 0.000010
0.940447 0.052084 0.000010 0.007449 0.000010
0.961532 0.024707 0.013741 0.000010 0.000010
0.905763 0.066759 0.027458 0.000010 0.000010
0.972681 0.024002 0.003297 0.000010 0.000010
0.941025 0.055515 0.001640 0.001810 0.000010
0.953920 0.027291 0.006508 0.012271 0.000010
0.975446 0.005125 0.019409 0.000010 0.000010
0.977850 0.010780 0.007739 0.003621 0.000010
0.911973 0.067966 0.019108 0.000943 0.000010
0.808825 0.176374 0.012883 0.000951 0.000966
0.979653 0.000010 0.018705 0.001622 0.000010
0.903073 0.090668 0.000010 0.006239 0.000010
0.976235 0.006464 0.008396 0.008895 0.000010
0.983236 0.003522 0.005028 0.008204 0.000010
0.984403 0.000010 0.015567 0.000010 0.000010
0.930515 0.057820 0.008424 0.003230 0.000010
0.985442 0.000010 0.014524 0.000014 0.000010
0.963645 0.026448 0.009887 0.000010 0.000010
0.926402 0.073568 0.000010 0.000010 0.000010
0.938484 0.052866 0.008630 0.000010 0.000010
0.919071 0.070917 0.009579 0.000010 0.000423
0.969114 0.012755 0.009727 0.008393 0.000010
0.991358 0.008612 0.000010 0.000010 0.000010
0.933580 0.051432 0.014968 0.000010 0.000010
0.908303 0.074555 0.017121 0.000010 0.000010
0.919067 0.064955 0.015958 0.000010 0.000010
0.998164 0.000010 0.001806 0.000010 0.000010
0.992391 0.000010 0.004771 0.002817 0.000010
0.978346 0.009573 0.004141 0.007930 0.000010
0.972239 0.016627 0.011113 0.000010 0.000010
0.967232 0.027196 0.000177 0.005386 0.000010
0.939469 0.060501 0.000010 0.000010 0.000010
0.967690 0.028463 0.000010 0.003827 0.000010
0.929484 0.062231 0.008265 0.000010 0.000010
0.929178 0.067515 0.003287 0.000010 0.000010
0.729859 0.261352 0.008769 0.000010 0.000010
0.910746 0.074991 0.005912 0.005614 0.002737
0.926168 0.046462 0.009155 0.018204 0.000010
0.948478 0.041022 0.010481 0.000010 0.000010
0.981577 0.017053 0.001347 0.000014 0.000010
0.996432 0.002271 0.001277 0.000010 0.000010
0.962048 0.037922 0.000010 0.000010 0.000010
0.975257 0.001116 0.022540 0.001077 0.000010
0.911705 0.074581 0.007456 0.006248 0.000010
0.989651 0.004435 0.005895 0.000010 0.000010
0.984121 0.000010 0.015567 0.000292 0.000010
0.984690 0.005130 0.000010 0.010160 0.000010
0.911321 0.039559 0.049101 0.000010 0.000010
0.044978 0.926267 0.028735 0.000010 0.000010
0.014645 0.940283 0.027978 0.015961 0.001133
0.080290 0.861651 0.048073 0.009976 0.000010
0.039679 0.926266 0.025599 0.004785 0.003671
0.068802 0.887041 0.029353 0.014793 0.000010
0.000010 0.969869 0.028704 0.001246 0.000171
0.017577 0.931751 0.041903 0.007883 0.000886
0.000010 0.936902 0.037787 0.025290 0.000010
0.014660 0.929431 0.038428 0.017470 0.000010
0.040161 0.919228 0.027551 0.009483 0.003576
0.029495 0.910152 0.033266 0.027077 0.000010
0.041752 0.911911 0.039135 0.007193 0.000010
0.062825 0.896269 0.030646 0.010250 0.000010
0.000010 0.949327 0.033007 0.017646 0.000010
0.057656 0.904067 0.031435 0.000133 0.006710
0.065073 0.878630 0.024387 0.022105 0.009805
0.000010 0.932546 0.064970 0.000581 0.001893
0.058213 0.891813 0.033062 0.008947 0.007966
0.000010 0.951767 0.033437 0.014776 0.000010
0.000010 0.959040 0.035011 0.005929 0.000010
0.058850 0.893112 0.033873 0.013052 0.001112
0.000010 0.963971 0.015396 0.020613 0.000010
0.000010 0.957105 0.034407 0.008468 0.000010
0.000010 0.930767 0.051575 0.016958 0.000690
0.051969 0.887658 0.042744 0.013639 0.003990
0.000010 0.947809 0.029615 0.022556 0.000010
0.013820 0.945951 0.031096 0.005739 0.003394
0.000010 0.956419 0.032340 0.011221 0.000010
0.069463 0.884904 0.030985 0.009180 0.005468
0.000010 0.956003 0.026463 0.014919 0.002604
0.014104 0.933085 0.029837 0.019365 0.003609
0.064889 0.867634 0.043167 0.024300 0.000010
0.100176 0.854193 0.027078 0.018543 0.000010
0.009403 0.917331 0.053118 0.008566 0.011582
0.024746 0.929445 0.039767 0.001069 0.004973
0.000010 0.952266 0.026604 0.021110 0.000010
0.032938 0.915993 0.026198 0.016468 0.008402
0.000010 0.951267 0.021935 0.023432 0.003356
0.069226 0.871341 0.044487 0.014124 0.000822
0.006981 0.955663 0.023935 0.013411 0.000010
0.000010 0.956461 0.031594 0.011925 0.000010
0.000010 0.952245 0.038277 0.009458 0.000010
0.016225 0.947265 0.022595 0.013904 0.000010
0.047917 0.899655 0.045188 0.007032 0.000208
0.016416 0.936782 0.020920 0.022157 0.003725
0.062632 0.901880 0.027253 0.008225 0.000010
0.016708 0.926514 0.038554 0.010713 0.007510
0.000010 0.951724 0.036637 0.005131 0.006498
0.000010 0.970517 0.015070 0.014393 0.000010
0.048927 0.907433 0.033732 0.009897 0.000010
0.044716 0.908343 0.029886 0.017046 0.000010
0.015118 0.945974 0.021922 0.016819 0.000167
0.042500 0.896123 0.030331 0.021855 0.009192
0.051974 0.894930 0.041518 0.004288 0.007289
0.000010 0.981662 0.015557 0.002762 0.000010
0.018859 0.917700 0.042215 0.021216 0.000010
0.004831 0.942146 0.031814 0.014869 0.006340
0.034965 0.933039 0.019916 0.012069 0.000010
0.028987 0.919556 0.035428 0.009101 0.006928
0.000010 0.952017 0.042739 0.005224 0.000010
0.034029 0.903997 0.036203 0.017079 0.008692
0.003334 0.963234 0.031676 0.000682 0.001073
0.019924 0.949175 0.020584 0.008034 0.002283
0.023426 0.911623 0.048993 0.002025 0.013933
0.025285 0.907021 0.048112 0.019572 0.000010
0.037700 0.921261 0.026307 0.014722 0.000010
0.015967 0.926799 0.043484 0.013740 0.000010
0.029919 0.925501 0.022721 0.021849 0.000010
0.002064 0.954454 0.030941 0.012531 0.000010
0.035102 0.927866 0.018067 0.009841 0.009124
0.000010 0.945671 0.034311 0.015003 0.005005
0.033493 0.904649 0.044029 0.016358 0.001470
0.050525 0.903063 0.023314 0.016192 0.006906
0.003846 0.925121 0.044430 0.022937 0.003667
0.067605 0.886069 0.028988 0.003257 0.014080
0.027622 0.924432 0.024245 0.017639 0.006062
0.056637 0.896346 0.034404 0.012604 0.000010
0.037098 0.906772 0.040738 0.005377 0.010016
0.050504 0.905153 0.040803 0.000346 0.003193
0.000010 0.957514 0.028797 0.013670 0.000010
0.000010 0.945961 0.035139 0.017997 0.000892
0.070861 0.887212 0.021046 0.014240 0.006642
0.000010 0.960089 0.025990 0.013901 0.000010
0.000010 0.942989 0.039773 0.010794 0.006433
0.044911 0.908274 0.029544 0.017038 0.000234
0.021029 0.922999 0.035841 0.020121 0.000010
0.047025 0.911722 0.026910 0.004804 0.009538
0.083277 0.866379 0.032048 0.018285 0.000010
0.023959 0.924774 0.040618 0.010640 0.000010
0.062088 0.904382 0.025593 0.007927 0.000010
0.030760 0.910798 0.035089 0.012221 0.011132
0.000010 0.935675 0.051913 0.012392 0.000010
0.053438 0.881619 0.042559 0.022374 0.000010
0.016351 0.933401 0.038718 0.011320 0.000210
0.041521 0.895550 0.041557 0.019163 0.002208
0.025011 0.909055 0.030739 0.035186 0.000010
0.054281 0.891068 0.034285 0.015980 0.004387
0.061481 0.880694 0.029785 0.028030 0.000010
0.068305 0.869799 0.033062 0.022765 0.006069
0.721944 0.278026 0.000010 0.000010 0.000010
0.819215 0.180755 0.000010 0.000010 0.000010
0.720117 0.279853 0.000010 0.000010 0.000010
0.751513 0.248457 0.000010 0.000010 0.000010
0.802973 0.196997 0.000010 0.000010 0.000010
0.771263 0.228707 0.000010 0.000010 0.000010
0.744353 0.255617 0.000010 0.000010 0.000010
0.798359 0.201611 0.000010 0.000010 0.000010
0.721072 0.278898 0.000010 0.000010 0.000010
0.776670 0.223300 0.000010 0.000010 0.000010
0.791124 0.208846 0.000010 0.000010 0.000010
0.778238 0.221732 0.000010 0.000010 0.000010
0.797272 0.197053 0.002963 0.002702 0.000010
0.818401 0.181569 0.000010 0.000010 0.000010
0.752550 0.247420 0.000010 0.000010 0.000010
0.787486 0.212484 0.000010 0.000010 0.000010
0.760620 0.239350 0.000010 0.000010 0.000010
0.737984 0.261986 0.000010 0.000010 0.000010
0.787381 0.212589 0.000010 0.000010 0.000010
0.772597 0.223433 0.003949 0.000010 0.000010
0.739056 0.260914 0.000010 0.000010 0.000010
0.741121 0.258849 0.000010 0.000010 0.000010
0.836650 0.155473 0.006459 0.000010 0.001408
0.763383 0.236587 0.000010 0.000010 0.000010
0.772056 0.227052 0.000872 0.000010 0.000010
0.763618 0.236352 0.000010 0.000010 0.000010
0.755476 0.244494 0.000010 0.000010 0.000010
0.773618 0.226352 0.000010 0.000010 0.000010
0.747460 0.252510 0.000010 0.000010 0.000010
0.719732 0.280231 0.000010 0.000016 0.000010
0.763161 0.236809 0.000010 0.000010 0.000010
0.737035 0.259889 0.000010 0.003056 0.000010
0.721803 0.275519 0.002039 0.000629 0.000010
0.750572 0.249398 0.000010 0.000010 0.000010
0.783086 0.211568 0.000010 0.000884 0.004453
0.732636 0.267334 0.000010 0.000010 0.000010
0.797511 0.202459 0.000010 0.000010 0.000010
0.764716 0.235254 0.000010 0.000010 0.000010
0.754441 0.245529 0.000010 0.000010 0.000010
0.776010 0.223960 0.000010 0.000010 0.000010
0.750455 0.249515 0.000010 0.000010 0.000010
0.775499 0.224471 0.000010 0.000010 0.000010
0.776817 0.223153 0.000010 0.000010 0.000010
0.820238 0.176185 0.000010 0.000010 0.003557
0.744511 0.255459 0.000010 0.000010 0.000010
0.753685 0.246285 0.000010 0.000010 0.000010
0.771486 0.228484 0.000010 0.000010 0.000010
0.812973 0.186997 0.000010 0.000010 0.000010
0.812107 0.187863 0.000010 0.000010 0.000010
0.700155 0.299815 0.000010 0.000010 0.000010
0.787313 0.212657 0.000010 0.000010 0.000010
0.799438 0.200532 0.000010 0.000010 0.000010
0.778212 0.221758 0.000010 0.000010 0.000010
0.813427 0.186543 0.000010 0.000010 0.000010
0.764358 0.235605 0.000017 0.000010 0.000010
0.798678 0.201292 0.000010 0.000010 0.000010
0.821006 0.178964 0.000010 0.000010 0.000010
0.759382 0.240588 0.000010 0.000010 0.000010
0.787045 0.212925 0.000010 0.000010 0.000010
0.767820 0.232150 0.000010 0.000010 0.000010
0.800179 0.199791 0.000010 0.000010 0.000010
0.812054 0.187916 0.000010 0.000010 0.000010
0.742641 0.257329 0.000010 0.000010 0.000010
0.810572 0.189398 0.000010 0.000010 0.000010
0.819056 0.180914 0.000010 0.000010 0.000010
0.758878 0.241092 0.000010 0.000010 0.000010
0.816878 0.183092 0.000010 0.000010 0.000010
0.772861 0.227109 0.000010 0.000010 0.000010
0.808280 0.191690 0.000010 0.000010 0.000010
0.784195 0.215775 0.000010 0.000010 0.000010
0.769258 0.230712 0.000010 0.000010 0.000010
0.778052 0.221918 0.000010 0.000010 0.000010
0.767415 0.232555 0.000010 0.000010 0.000010
0.739490 0.260480 0.000010 0.000010 0.000010
0.766313 0.233657 0.000010 0.000010 0.000010
0.751308 0.248662 0.000010 0.000010 0.000010
0.753737 0.246233 0.000010 0.000010 0.000010
0.790418 0.209544 0.000010 0.000017 0.000010
0.783942 0.216028 0.000010 0.000010 0.000010
0.806045 0.193925 0.000010 0.000010 0.000010
0.796678 0.203292 0.000010 0.000010 0.000010
0.704402 0.295568 0.000010 0.000010 0.000010
0.743869 0.256101 0.000010 0.000010 0.000010
0.781107 0.218863 0.000010 0.000010 0.000010
0.782474 0.217496 0.000010 0.000010 0.000010
0.450855 0.549115 0.000010 0.000010 0.000010
0.421555 0.578415 0.000010 0.000010 0.000010
0.458947 0.541023 0.000010 0.000010 0.000010
0.416144 0.583826 0.000010 0.000010 0.000010
0.454353 0.545617 0.000010 0.000010 0.000010
0.435957 0.564013 0.000010 0.000010 0.000010
0.416875 0.583095 0.000010 0.000010 0.000010
0.391682 0.608288 0.000010 0.000010 0.000010
0.409222 0.590748 0.000010 0.000010 0.000010
0.482786 0.517184 0.000010 0.000010 0.000010
0.432040 0.567930 0.000010 0.000010 0.000010
0.441143 0.558827 0.000010 0.000010 0.000010
0.421996 0.577974 0.000010 0.000010 0.000010
0.489756 0.510214 0.000010 0.000010 0.000010
0.447088 0.552882 0.000010 0.000010 0.000010
0.454656 0.545314 0.000010 0.000010 0.000010
0.407144 0.592826 0.000010 0.000010 0.000010
0.441021 0.558949 0.000010 0.000010 0.000010
0.447147 0.552823 0.000010 0.000010 0.000010
0.429734 0.570236 0.000010 0.000010 0.000010
0.465245 0.534725 0.000010 0.000010 0.000010
0.451826 0.548144 0.000010 0.000010 0.000010
0.428033 0.571937 0.000010 0.000010 0.000010
0.468428 0.531542 0.000010 0.000010 0.000010
0.418156 0.581814 0.000010 0.000010 0.000010
0.461893 0.538077 0.000010 0.000010 0.000010
0.441482 0.558488 0.000010 0.000010 0.000010
0.345024 0.654946 0.000010 0.000010 0.000010
0.456789 0.543181 0.000010 0.000010 0.000010
0.438372 0.561598 0.000010 0.000010 0.000010
0.457521 0.542449 0.000010 0.000010 0.000010
0.418152 0.581818 0.000010 0.000010 0.000010
0.434208 0.565762 0.000010 0.000010 0.000010
0.424595 0.569380 0.006005 0.000010 0.000010
0.461384 0.538586 0.000010 0.000010 0.000010
0.485720 0.514250 0.000010 0.000010 0.000010
0.434714 0.565256 0.000010 0.000010 0.000010
0.425412 0.574558 0.000010 0.000010 0.000010
0.419706 0.580264 0.000010 0.000010 0.000010
0.438894 0.558776 0.002310 0.000010 0.000010
0.445914 0.554056 0.000010 0.000010 0.000010
0.403652 0.596318 0.000010 0.000010 0.000010
0.467516 0.532454 0.000010 0.000010 0.000010
0.422637 0.577333 0.000010 0.000010 0.000010
0.436346 0.563624 0.000010 0.000010 0.000010
0.425414 0.574556 0.000010 0.000010 0.000010
0.431306 0.568664 0.000010 0.000010 0.000010
0.449757 0.550213 0.000010 0.000010 0.000010
0.436754 0.563216 0.000010 0.000010 0.000010
0.405097 0.594873 0.000010 0.000010 0.000010
0.360328 0.639642 0.000010 0.000010 0.000010
0.478956 0.521014 0.000010 0.000010 0.000010
0.419063 0.580907 0.000010 0.000010 0.000010
0.475377 0.524593 0.000010 0.000010 0.000010
0.449976 0.549994 0.000010 0.000010 0.000010
0.402286 0.597684 0.000010 0.000010 0.000010
0.467931 0.532039 0.000010 0.000010 0.000010
0.432565 0.567405 0.000010 0.000010 0.000010
0.439242 0.560728 0.000010 0.000010 0.000010
0.395754 0.604216 0.000010 0.000010 0.000010
0.449089 0.550881 0.000010 0.000010 0.000010
0.450414 0.533395 0.016171 0.000010 0.000010
0.423803 0.576167 0.000010 0.000010 0.000010
0.452911 0.547059 0.000010 0.000010 0.000010
0.454453 0.545517 0.000010 0.000010 0.000010
0.466011 0.533959 0.000010 0.000010 0.000010
0.426697 0.573273 0.000010 0.000010 0.000010
0.421064 0.578906 0.000010 0.000010 0.000010
0.411835 0.588135 0.000010 0.000010 0.000010
0.410351 0.589619 0.000010 0.000010 0.000010
0.485272 0.514698 0.000010 0.000010 0.000010
0.451936 0.548034 0.000010 0.000010 0.000010
0.448526 0.551444 0.000010 0.000010 0.000010
0.407878 0.592092 0.000010 0.000010 0.000010
0.420432 0.579538 0.000010 0.000010 0.000010
0.387008 0.612962 0.000010 0.000010 0.000010
0.451493 0.548477 0.000010 0.000010 0.000010
0.429071 0.570899 0.000010 0.000010 0.000010
0.448483 0.551487 0.000010 0.000010 0.000010
0.476886 0.523084 0.000010 0.000010 0.000010
0.388583 0.611387 0.000010 0.000010 0.000010
0.456830 0.543140 0.000010 0.000010 0.000010
0.395030 0.604940 0.000010 0.000010 0.000010
0.423622 0.576348 0.000010 0.000010 0.000010
0.456043 0.543927 0.000010 0.000010 0.000010
0.430949 0.569021 0.000010 0.000010 0.000010
0.401548 0.598422 0.000010 0.000010 0.000010
0.407399 0.592571 0.000010 0.000010 0.000010
0.412157 0.587813 0.000010 0.000010 0.000010
0.398023 0.601947 0.000010 0.000010 0.000010
0.484695 0.515275 0.000010 0.000010 0.000010
0.454969 0.545001 0.000010 0.000010 0.000010
0.466298 0.533672 0.000010 0.000010 0.000010
0.446033 0.553937 0.000010 0.000010 0.000010
0.444248 0.555722 0.000010 0.000010 0.000010
0.422004 0.577966 0.000010 0.000010 0.000010
0.469328 0.530642 0.000010 0.000010 0.000010
0.393720 0.606250 0.000010 0.000010 0.000010
0.439694 0.560276 0.000010 0.000010 0.000010
0.398934 0.601036 0.000010 0.000010 0.000010
0.396314 0.603656 0.000010 0.000010 0.000010
0.439010 0.560960 0.000010 0.000010 0.000010
0.413091 0.586879 0.000010 0.000010 0.000010
0.426260 0.573709 0.000010 0.000011 0.000010
0.415820 0.584150 0.000010 0.000010 0.000010
0.463592 0.536378 0.000010 0.000010 0.000010
0.389931 0.610039 0.000010 0.000010 0.000010
0.410790 0.589180 0.000010 0.000010 0.000010
0.444251 0.389964 0.147509 0.006480 0.011797
0.252452 0.280709 0.080977 0.326634 0.059227
0.411277 0.542087 0.046616 0.000010 0.000010
0.461902 0.400008 0.123411 0.014669 0.000010
0.471787 0.461904 0.065799 0.000500 0.000010
0.433653 0.443058 0.116807 0.006471 0.000010
0.475135 0.496163 0.027590 0.000010 0.001102
0.418965 0.444506 0.133828 0.001285 0.001416
0.461794 0.458918 0.075064 0.002078 0.002146
0.457618 0.514900 0.019076 0.000010 0.008396
0.410250 0.491011 0.078946 0.019782 0.000010
0.390552 0.445895 0.153364 0.010180 0.000010
0.462653 0.456279 0.073964 0.007094 0.000010
0.415059 0.498920 0.086002 0.000010 0.000010
0.426603 0.432868 0.128675 0.000010 0.011843
0.499035 0.420661 0.077880 0.001707 0.000717
0.402217 0.460833 0.135340 0.000010 0.001600
0.272550 0.282018 0.430620 0.014802 0.000010
0.393298 0.443441 0.152412 0.004130 0.006718
0.486542 0.432058 0.068902 0.004671 0.007826
0.436624 0.412641 0.144321 0.002127 0.004286
0.409245 0.429010 0.161726 0.000010 0.000010
0.456657 0.464777 0.078191 0.000010 0.000365
0.457329 0.501882 0.035459 0.005320 0.000010
0.450405 0.424641 0.116209 0.008735 0.000010
0.480727 0.498207 0.016248 0.000010 0.004807
0.472923 0.499381 0.025969 0.001716 0.000010
0.410367 0.518906 0.062677 0.001083 0.006967
0.439116 0.428981 0.117911 0.006748 0.007244
0.425443 0.503237 0.063262 0.008048 0.000010
0.526026 0.440579 0.027600 0.005785 0.000010
0.395873 0.414364 0.182253 0.007500 0.000010
0.449920 0.473396 0.061471 0.014402 0.000811
0.396170 0.421581 0.160690 0.014985 0.006573
0.465999 0.457681 0.076300 0.000010 0.000010
0.464070 0.458145 0.059558 0.010430 0.007796
0.343814 0.432187 0.210369 0.000010 0.013620
0.440478 0.519717 0.039785 0.000010 0.000010
0.364467 0.435317 0.189972 0.009209 0.001035
0.375472 0.417335 0.188184 0.015305 0.003703
0.444818 0.397278 0.153847 0.004047 0.000010
0.480389 0.453984 0.045214 0.017420 0.002992
0.399116 0.485567 0.115297 0.000010 0.000010
0.431595 0.468414 0.079461 0.020520 0.000010
0.491507 0.434122 0.068255 0.006107 0.000010
0.469619 0.399150 0.121304 0.009917 0.000010
0.436063 0.511763 0.050266 0.000605 0.001304
0.416308 0.530208 0.036615 0.016808 0.000061
0.397671 0.471954 0.109890 0.020475 0.000010
0.436941 0.495328 0.065142 0.000010 0.002579
0.498757 0.462863 0.022994 0.011643 0.003742
0.403713 0.482688 0.098440 0.014835 0.000325
0.482805 0.424891 0.092284 0.000010 0.000010
0.376605 0.371038 0.243956 0.008391 0.000010
0.396386 0.492165 0.109495 0.001943 0.000010
0.491232 0.481616 0.020078 0.000010 0.007064
0.357121 0.432310 0.210549 0.000010 0.000010
0.457451 0.476572 0.052376 0.000010 0.013591
0.334516 0.243130 0.412390 0.009955 0.000010
0.488682 0.432868 0.072348 0.006091 0.000010
0.411208 0.501910 0.086862 0.000010 0.000010
0.428842 0.445605 0.094058 0.018725 0.012769
0.484599 0.449870 0.047692 0.013141 0.004698
0.485873 0.492595 0.016781 0.000010 0.004740
0.433152 0.401081 0.159267 0.006490 0.000010
0.437468 0.506117 0.048647 0.002078 0.005691
0.474236 0.448841 0.071082 0.005831 0.000010
0.443836 0.404115 0.126468 0.020645 0.004936
0.476761 0.465897 0.053617 0.003715 0.000010
0.423771 0.499643 0.072114 0.004462 0.000010
0.441218 0.406422 0.144713 0.002007 0.005641
0.442052 0.428286 0.129642 0.000010 0.000010
0.420260 0.480770 0.098949 0.000010 0.000010
0.467230 0.448404 0.064980 0.001460 0.017926
0.396096 0.493930 0.106712 0.003252 0.000010
0.340879 0.393762 0.250352 0.014998 0.000010
0.401955 0.465550 0.118189 0.008358 0.005948
0.474407 0.441796 0.083778 0.000010 0.000010
0.476908 0.471183 0.049976 0.001923 0.000010
0.391594 0.415572 0.183844 0.008980 0.000010
0.438665 0.377885 0.176588 0.003577 0.003285
0.436980 0.456099 0.098752 0.000010 0.008159
0.473302 0.449751 0.062509 0.000010 0.014428
0.417221 0.516278 0.058108 0.000010 0.008383
0.426328 0.379682 0.182980 0.011000 0.000010
0.475464 0.470540 0.049513 0.004473 0.000010
0.389019 0.427269 0.165827 0.017608 0.000278
0.401238 0.508024 0.076454 0.014275 0.000010
0.463242 0.461063 0.068159 0.000010 0.007526
0.429951 0.526348 0.034695 0.008996 0.000010
0.424342 0.462165 0.107234 0.000010 0.006249
0.452231 0.438895 0.095732 0.013133 0.000010
0.461754 0.476879 0.044435 0.013456 0.003475
0.441404 0.453723 0.096872 0.001029 0.006971
0.398456 0.381474 0.209918 0.008712 0.001441
0.408735 0.443791 0.138455 0.000860 0.008160
0.308557 0.320801 0.195414 0.000010 0.175219
0.406076 0.412294 0.181452 0.000010 0.000167
0.419105 0.414057 0.138794 0.012736 0.015307
0.389415 0.454838 0.137398 0.006498 0.011851
0.451502 0.392766 0.131478 0.024243 0.000010
0.338833 0.379169 0.261749 0.003746 0.016502
0.458781 0.421635 0.115556 0.000010 0.004018
0.443769 0.442047 0.087697 0.015679 0.010808
0.346538 0.388557 0.258745 0.004286 0.001874
0.355825 0.363968 0.248789 0.027033 0.004385
0.330235 0.386391 0.253152 0.023826 0.006396
0.361825 0.378754 0.247201 0.004754 0.007467
0.329595 0.495033 0.161157 0.004423 0.009791
0.378775 0.434384 0.156756 0.026814 0.003271
0.437699 0.458220 0.077124 0.022858 0.004099
0.399224 0.414011 0.175137 0.000010 0.011617
0.410639 0.474838 0.106472 0.000010 0.008041
0.428145 0.442763 0.113583 0.000010 0.015499
0.457251 0.394137 0.125238 0.000010 0.023365
0.337784 0.362792 0.280652 0.018761 0.000010
0.445813 0.429597 0.099800 0.024780 0.000010
0.474142 0.425194 0.098019 0.002212 0.000432
0.447736 0.449015 0.087088 0.016151 0.000010
0.317764 0.265792 0.327880 0.021578 0.066987
0.331683 0.375354 0.270561 0.005962 0.016439
0.283863 0.314069 0.362068 0.039990 0.000010
0.400115 0.464007 0.127955 0.000010 0.007914
0.385150 0.472001 0.120273 0.021004 0.001571
0.352026 0.342356 0.284670 0.000640 0.020309
0.445034 0.457628 0.096792 0.000010 0.000536
0.195029 0.104440 0.353125 0.000010 0.347396
0.419427 0.387671 0.179284 0.004921 0.008698
0.229075 0.255757 0.497208 0.014679 0.003281
0.370052 0.457643 0.150561 0.010424 0.011320
0.398370 0.320314 0.263635 0.003320 0.014361
0.379369 0.436079 0.168089 0.000612 0.015850
0.350896 0.432567 0.206597 0.009930 0.000010
0.542042 0.434697 0.012217 0.011034 0.000010
0.381536 0.471775 0.130115 0.010663 0.005912
0.390873 0.374280 0.212958 0.000010 0.021879
0.437403 0.485136 0.056390 0.000010 0.021061
0.257094 0.156251 0.280322 0.000010 0.306324
0.003028 0.000010 0.546684 0.000010 0.450269
0.314653 0.382325 0.294883 0.008129 0.000010
0.331314 0.370372 0.267870 0.000010 0.030434
0.396666 0.473440 0.106884 0.000010 0.023000
0.348973 0.411005 0.225146 0.009386 0.005490
0.304600 0.462896 0.213351 0.014668 0.004485
0.303654 0.352496 0.320268 0.023572 0.000010
0.402399 0.457990 0.108594 0.012320 0.018696
0.417707 0.419896 0.141316 0.014363 0.006718
0.284999 0.316120 0.375847 0.000010 0.023025
0.439932 0.380321 0.142458 0.012665 0.024623
0.407063 0.427985 0.136786 0.024945 0.003220
0.293376 0.379632 0.292448 0.015383 0.019162
0.411763 0.411234 0.156989 0.019454 0.000561
0.437179 0.432290 0.117014 0.005342 0.008175
0.403011 0.484907 0.088551 0.006584 0.016948
0.412099 0.335966 0.241151 0.000010 0.010774
0.401264 0.346021 0.245014 0.000010 0.007691
0.363316 0.395744 0.206062 0.001939 0.032940
0.000010 0.024495 0.905076 0.036868 0.033550
0.013429 0.000010 0.784056 0.000010 0.202495
0.009126 0.021466 0.878270 0.012145 0.078992
0.029655 0.013798 0.745492 0.000010 0.211044
0.063398 0.009355 0.788530 0.000010 0.138707
0.126060 0.014588 0.659609 0.000010 0.199733
0.090545 0.002521 0.713591 0.015587 0.177757
0.068532 0.000368 0.762410 0.000010 0.168680
0.066816 0.000012 0.760100 0.000010 0.173062
0.017904 0.005590 0.858998 0.018657 0.098851
0.097659 0.025232 0.724844 0.000010 0.152254
0.095765 0.000010 0.715274 0.000010 0.188941
0.025312 0.000010 0.746687 0.000010 0.227981
0.147177 0.020514 0.631040 0.000010 0.201259
0.041458 0.000010 0.764132 0.025822 0.168578
0.158463 0.030330 0.566916 0.000010 0.244280
0.050626 0.008055 0.772845 0.003512 0.164962
0.096673 0.000010 0.597894 0.000010 0.305413
0.069042 0.012545 0.698913 0.000010 0.219490
0.020607 0.000010 0.801051 0.000010 0.178322
0.047098 0.000010 0.790879 0.000010 0.162003
0.138974 0.025078 0.622573 0.000010 0.213364
0.014230 0.000010 0.874303 0.000010 0.111447
0.016722 0.000826 0.786878 0.000010 0.195564
0.014602 0.022946 0.856838 0.024928 0.080686
0.107240 0.031203 0.663808 0.000010 0.197740
0.064273 0.000010 0.752200 0.000010 0.183508
0.079430 0.000010 0.736166 0.000010 0.184384
0.112449 0.069588 0.595144 0.000010 0.222810
0.004204 0.010907 0.934133 0.023275 0.027481
0.016965 0.000010 0.738768 0.000010 0.244248
0.022432 0.000010 0.799948 0.000010 0.177601
0.031538 0.000010 0.779271 0.000010 0.189171
0.064212 0.000010 0.749916 0.012717 0.173145
0.012353 0.000010 0.600638 0.000010 0.386989
0.187413 0.175485 0.487023 0.000010 0.150068
0.035864 0.000010 0.688805 0.000010 0.275311
0.042568 0.017879 0.790982 0.010326 0.138245
0.043633 0.000013 0.688332 0.000010 0.268012
0.063717 0.003879 0.650545 0.000010 0.281849
0.015864 0.000010 0.787514 0.000010 0.196602
0.013162 0.017080 0.826009 0.021334 0.122415
0.024087 0.000010 0.854330 0.001525 0.120048
0.058103 0.000010 0.739269 0.000010 0.202608
0.012952 0.000010 0.773803 0.000010 0.213225
0.044742 0.000010 0.750792 0.033195 0.171262
0.061568 0.003800 0.760271 0.014456 0.159905
0.062293 0.066849 0.705370 0.000010 0.165478
0.120894 0.053666 0.606962 0.000010 0.218468
0.093214 0.046885 0.667710 0.003784 0.188408
0.066407 0.039437 0.703330 0.000010 0.190815
0.125452 0.000010 0.541467 0.000010 0.333061
0.039307 0.000010 0.747017 0.000010 0.213656
0.016987 0.000010 0.824776 0.000010 0.158217
0.141543 0.000976 0.657342 0.000010 0.200129
0.098174 0.002601 0.687731 0.008508 0.202986
0.042418 0.000010 0.697222 0.000010 0.260340
0.038911 0.000010 0.787061 0.005193 0.168826
0.045470 0.017401 0.777892 0.000010 0.159227
0.051251 0.009462 0.822293 0.037685 0.079308
0.167275 0.115753 0.526890 0.000010 0.190072
0.110561 0.002251 0.714081 0.000010 0.173097
0.035116 0.000010 0.791785 0.001184 0.171905
0.041603 0.000010 0.607181 0.000010 0.351196
0.014142 0.000719 0.870993 0.030887 0.083259
0.000010 0.015951 0.931322 0.036366 0.016351
0.113750 0.064232 0.668299 0.000010 0.153709
0.017917 0.002268 0.679503 0.000010 0.300303
0.041890 0.000010 0.577439 0.000010 0.380651
0.081056 0.010210 0.710573 0.000010 0.198151
0.068165 0.005005 0.748608 0.000487 0.177736
0.038799 0.000010 0.685261 0.000010 0.275920
0.058941 0.000010 0.678190 0.000010 0.262849
0.050036 0.000010 0.681038 0.000010 0.268906
0.139423 0.032141 0.563343 0.000010 0.265084
0.214316 0.065514 0.484336 0.000010 0.235823
0.126494 0.060682 0.586991 0.000010 0.225823
0.023079 0.000010 0.845109 0.000010 0.131792
0.023334 0.000010 0.852179 0.000132 0.124345
0.016667 0.000010 0.877073 0.003094 0.103157
0.032836 0.000010 0.884321 0.003439 0.079394
0.223538 0.127821 0.457679 0.000010 0.190953
0.034159 0.000010 0.727566 0.000010 0.238255
0.087830 0.079256 0.711412 0.029721 0.091781
0.021180 0.000010 0.852062 0.029422 0.097326
0.015341 0.000010 0.862400 0.008269 0.113980
0.028217 0.000010 0.829113 0.000010 0.142650
0.087421 0.009694 0.610119 0.000010 0.292756
0.111477 0.000010 0.618475 0.000010 0.270027
0.045802 0.000010 0.715480 0.000010 0.238698
0.055255 0.000010 0.703817 0.000010 0.240909
0.049144 0.007557 0.784064 0.000010 0.159226
0.242029 0.134299 0.458817 0.000010 0.164844
0.164320 0.049479 0.556426 0.000010 0.229764
0.014954 0.005453 0.901896 0.045208 0.032490
0.038311 0.000010 0.785486 0.002324 0.173869
0.047918 0.014024 0.751458 0.012067 0.174534
0.041752 0.000010 0.769075 0.001180 0.187983
0.057125 0.000010 0.571370 0.000010 0.371484
0.050618 0.000010 0.736437 0.000010 0.212925
0.050335 0.000010 0.549005 0.000010 0.400640
0.021920 0.000010 0.743136 0.014367 0.220566
0.046944 0.000195 0.607528 0.000010 0.345324
0.058705 0.000010 0.536071 0.000010 0.405204
0.052782 0.000010 0.572678 0.000010 0.374520
0.026429 0.000010 0.730238 0.000010 0.243313
0.045184 0.000010 0.634791 0.000010 0.320005
0.036958 0.000010 0.750323 0.000010 0.212699
0.063347 0.011879 0.771672 0.012258 0.140845
0.027133 0.004483 0.906514 0.033983 0.027888
0.051849 0.000010 0.553857 0.000010 0.394274
0.021905 0.000010 0.645169 0.000010 0.332906
0.014511 0.000010 0.766431 0.013442 0.205605
0.050079 0.000010 0.565439 0.000010 0.384461
0.039341 0.000010 0.572536 0.000010 0.388103
0.053929 0.000010 0.668603 0.000010 0.277447
0.038908 0.000010 0.520679 0.000010 0.440392
0.045069 0.000010 0.632589 0.000010 0.322322
0.082518 0.000010 0.595784 0.000010 0.321678
0.025236 0.009550 0.731577 0.000010 0.233627
0.008610 0.000010 0.566780 0.000010 0.424590
0.000010 0.000010 0.356443 0.000010 0.643527
0.007206 0.000010 0.372391 0.000010 0.620382
0.002086 0.000010 0.333657 0.000010 0.664237
0.002258 0.000012 0.352169 0.000010 0.645551
0.013825 0.000010 0.569865 0.000010 0.416291
0.016339 0.000010 0.391012 0.000010 0.592629
0.025888 0.000010 0.443409 0.000010 0.530683
0.005196 0.000010 0.421205 0.000010 0.573579
0.027455 0.000010 0.504885 0.000010 0.467640
0.029437 0.000010 0.602850 0.000010 0.367693
0.033618 0.000010 0.659623 0.000010 0.306740
0.034948 0.000010 0.749915 0.000010 0.215117
0.026514 0.000010 0.608184 0.000010 0.365282
0.045517 0.000010 0.483538 0.000010 0.470925
0.064321 0.000010 0.591159 0.000010 0.344501
0.013916 0.000010 0.452804 0.000010 0.533260
0.023532 0.000010 0.466474 0.000010 0.509974
0.050856 0.000010 0.563422 0.000010 0.385702
0.056913 0.000010 0.531159 0.000010 0.411908
0.053646 0.000010 0.678213 0.000010 0.268121
0.057092 0.000010 0.665236 0.000010 0.277651
0.043419 0.000010 0.612510 0.000010 0.344052
0.027807 0.000010 0.703029 0.000010 0.269144
0.044407 0.010666 0.624993 0.000010 0.319924
0.099414 0.000010 0.598350 0.000010 0.302215
0.082866 0.000010 0.618018 0.000010 0.299097
0.042412 0.000010 0.742598 0.010107 0.204873
0.037560 0.000010 0.717727 0.000010 0.244694
0.065249 0.000010 0.627991 0.000010 0.306740
0.011129 0.000010 0.486056 0.000010 0.502795
0.042060 0.000010 0.480901 0.000010 0.477019
0.037535 0.000010 0.575652 0.000010 0.386792
0.037064 0.000010 0.514460 0.000010 0.448456
0.066993 0.000010 0.614023 0.017805 0.301169
0.055175 0.000010 0.704058 0.004658 0.236099
0.038768 0.000010 0.754614 0.000010 0.206598
0.067672 0.000010 0.604711 0.000010 0.327597
0.003807 0.000010 0.535710 0.000010 0.460463
0.013008 0.000010 0.661458 0.000010 0.325515
0.003948 0.000012 0.548892 0.000010 0.447139
0.000010 0.000010 0.364812 0.000010 0.635158
0.059653 0.000010 0.652460 0.000010 0.287867
0.010532 0.000010 0.582217 0.000010 0.407231
0.056029 0.000010 0.450964 0.000010 0.492987
0.087018 0.031208 0.503570 0.000010 0.378193
0.007999 0.000010 0.414280 0.000010 0.577701
0.003767 0.000010 0.478466 0.000010 0.517747
0.000010 0.000010 0.354531 0.000010 0.645439
0.002061 0.000010 0.474931 0.000010 0.522988
0.000010 0.000010 0.360316 0.000010 0.639654
0.108783 0.000010 0.378092 0.000010 0.513104
0.000010 0.000012 0.326387 0.000010 0.673582
0.000010 0.000010 0.368988 0.000010 0.630982
0.000010 0.000010 0.476374 0.000010 0.523596
0.081338 0.000010 0.436901 0.000010 0.481741
0.004918 0.000010 0.499224 0.000010 0.495837
0.038115 0.000010 0.515073 0.000010 0.446792
0.000010 0.000010 0.341686 0.000010 0.658284
0.010284 0.000010 0.501664 0.000010 0.488032
0.054949 0.000010 0.394971 0.000010 0.550060
0.003617 0.000010 0.437367 0.000010 0.558996
0.008034 0.000010 0.248036 0.000010 0.743910
0.004939 0.000010 0.463146 0.000010 0.531895
0.027704 0.000010 0.542151 0.000010 0.430124
0.154734 0.003397 0.340427 0.000010 0.501432
0.045000 0.000010 0.385920 0.000010 0.569060
0.016362 0.000010 0.331887 0.000010 0.651731
0.008890 0.000010 0.389361 0.000010 0.601729
0.001639 0.000010 0.390872 0.000010 0.607468
0.000010 0.000010 0.321442 0.000010 0.678528
0.076663 0.000010 0.522892 0.000010 0.400424
0.007207 0.000010 0.563743 0.000010 0.429030
0.000010 0.000010 0.337763 0.000010 0.662207
0.003445 0.000010 0.546258 0.000010 0.450277
0.154946 0.000010 0.454513 0.000010 0.390521
0.026657 0.000010 0.427053 0.000010 0.546270
0.004143 0.000010 0.342406 0.000010 0.653431
0.012689 0.000010 0.530593 0.000010 0.456698
0.005570 0.000010 0.450499 0.000010 0.543911
0.010924 0.000010 0.526837 0.000010 0.462219
0.024504 0.000010 0.476642 0.000010 0.498834
0.002950 0.000010 0.464215 0.000010 0.532815
0.015313 0.000010 0.472874 0.000010 0.511793
0.000010 0.000010 0.381483 0.000010 0.618487
0.000710 0.000010 0.402397 0.000010 0.596873
0.003629 0.000010 0.474987 0.000010 0.521364
0.003964 0.000010 0.451946 0.000010 0.544070
0.249362 0.134001 0.402653 0.000010 0.213974
0.009501 0.000010 0.419785 0.000010 0.570694
0.014442 0.000010 0.547378 0.000010 0.438160
0.123794 0.000010 0.498321 0.000010 0.377865
0.012259 0.000010 0.419727 0.000010 0.567994
0.000819 0.000010 0.389174 0.000010 0.609987
0.000010 0.000010 0.361387 0.000010 0.638583
0.000010 0.000010 0.410626 0.000010 0.589344
0.002588 0.000013 0.374594 0.000010 0.622795
0.000010 0.000010 0.368429 0.000010 0.631540
0.010788 0.000010 0.535858 0.000010 0.453334
0.008106 0.000010 0.626793 0.000010 0.365080
0.001194 0.000010 0.336943 0.000010 0.661843
0.003344 0.000010 0.434620 0.000010 0.562016
0.003837 0.000010 0.470132 0.000010 0.526012
0.000010 0.000010 0.379205 0.000010 0.620765
0.003927 0.000010 0.360381 0.000010 0.635672
0.005293 0.000010 0.341481 0.000010 0.653205
0.000010 0.000010 0.322565 0.000010 0.677405
